{"matrices": {"pelvis": [[1.947067858054652e-07, 2.3283064365386963e-10, -1.0, 1.3536841578012896e-28], [-0.003653748892247677, 0.9999933242797852, -4.656612873077393e-10, 1.0561532974243164], [0.9999933242797852, 0.003653748892247677, 1.947073542396538e-07, 96.75060272216797], [0.0, 0.0, 0.0, 1.0]], "spine_01": [[1.937301163934535e-07, 1.4901161193847656e-08, -0.9999999403953552, 1.2988679145564674e-06], [-0.12815918028354645, 0.991753339767456, 0.0, 0.16524696350097656], [0.9917535185813904, 0.12815915048122406, 1.955777406692505e-07, 107.55630493164062], [0.0, 0.0, 0.0, 1.0]], "spine_02": [[1.9387354655009403e-07, -1.4901161193847656e-08, -1.0000001192092896, 3.547266715031583e-06], [0.11667623370885849, 0.9931702613830566, 2.2351741790771484e-08, 1.5160138607025146], [0.9931700825691223, -0.11667624861001968, 1.9278377294540405e-07, 126.76314544677734], [0.0, 0.0, 0.0, 1.0]], "spine_03": [[1.930479811562691e-07, -1.4901161193847656e-08, -1.0, 5.141274868947221e-06], [0.1646990031003952, 0.986344039440155, 2.9802322387695312e-08, 3.4979398250579834], [0.9863439202308655, -0.1646990329027176, 1.8998980522155762e-07, 140.02984619140625], [0.0, 0.0, 0.0, 1.0]], "clavicle_l": [[0.8817449808120728, -0.4467735290527344, 0.1513911485671997, 3.781989812850952], [0.4403335154056549, 0.8946471214294434, 0.07558439671993256, 2.760394334793091], [-0.1692107766866684, 1.6427402442786843e-05, 0.9855799078941345, 152.2012176513672], [0.0, 0.0, 0.0, 1.0]], "upperarm_l": [[0.6448397040367126, -0.06804917752742767, 0.7612826228141785, 17.70022201538086], [0.0724995881319046, 0.9969836473464966, 0.027707580476999283, 9.711003303527832], [-0.7608715891838074, 0.037325721234083176, 0.6478279829025269, 149.53024291992188], [0.0, 0.0, 0.0, 1.0]], "lowerarm_l": [[0.7184911966323853, 0.2262127548456192, 0.6577220559120178, 37.26462173461914], [-0.42911508679389954, 0.8883804082870483, 0.1632184386253357, 11.91064453125], [-0.5473852753639221, -0.3995094895362854, 0.7353649139404297, 126.44544219970703], [0.0, 0.0, 0.0, 1.0]], "hand_l": [[0.6874741315841675, -0.6143579483032227, 0.38722556829452515, 56.646026611328125], [-0.4422052204608917, 0.06881889700889587, 0.8942698240280151, 0.33520227670669556], [-0.5760502219200134, -0.7860206365585327, -0.22436115145683289, 111.67964172363281], [0.0, 0.0, 0.0, 1.0]], "index_01_l": [[0.38012003898620605, -0.7290757894515991, 0.5691726207733154, 63.042327880859375], [-0.30983781814575195, 0.4794406294822693, 0.8210586309432983, -6.766394138336182], [-0.8714983463287354, -0.48845216631889343, -0.043650299310684204, 103.81495666503906], [0.0, 0.0, 0.0, 1.0]], "index_02_l": [[0.22513596713542938, -0.778659999370575, 0.5856640338897705, 64.6720962524414], [-0.19669774174690247, 0.552396297454834, 0.810042142868042, -8.094826698303223], [-0.9542661905288696, -0.2975684702396393, -0.02879638969898224, 100.07840728759766], [0.0, 0.0, 0.0, 1.0]], "index_03_l": [[0.3402712643146515, -0.7189565300941467, 0.6060666441917419, 65.43616485595703], [-0.29919499158859253, 0.5282512903213501, 0.7946274280548096, -8.762378692626953], [-0.8914581537246704, -0.4517209231853485, -0.03535941243171692, 96.8398208618164], [0.0, 0.0, 0.0, 1.0]], "middle_01_l": [[0.43979066610336304, -0.8212326765060425, 0.36353975534439087, 64.49005126953125], [-0.26839447021484375, 0.26610809564590454, 0.9258245229721069, -4.479480266571045], [-0.8570581674575806, -0.5047410130500793, -0.10338246822357178, 103.48135375976562], [0.0, 0.0, 0.0, 1.0]], "middle_02_l": [[0.2477869689464569, -0.9084468483924866, 0.3366389870643616, 66.53084564208984], [-0.22397981584072113, 0.2843453586101532, 0.9321913719177246, -5.724934101104736], [-0.9425681829452515, -0.30638518929481506, -0.13301672041416168, 99.5042724609375], [0.0, 0.0, 0.0, 1.0]], "middle_03_l": [[0.5044887065887451, -0.8058789968490601, 0.30991965532302856, 67.43497467041016], [-0.21923646330833435, 0.22761929035186768, 0.9487490653991699, -6.542198657989502], [-0.835120677947998, -0.5465787649154663, -0.06184661388397217, 96.06498718261719], [0.0, 0.0, 0.0, 1.0]], "pinky_01_l": [[0.5354580879211426, -0.8432242274284363, -0.0475136861205101, 64.0250244140625], [-0.07995420694351196, -0.10661697387695312, 0.9910802841186523, 0.15892377495765686], [-0.8407687544822693, -0.5268831253051758, -0.12450829148292542, 103.01749420166016], [0.0, 0.0, 0.0, 1.0]], "pinky_02_l": [[0.3601610064506531, -0.9320955276489258, -0.03849861025810242, 65.93714141845703], [-0.07637143135070801, -0.07058921456336975, 0.9945776462554932, -0.12659110128879547], [-0.9297589063644409, -0.3552680015563965, -0.09660899639129639, 100.01512145996094], [0.0, 0.0, 0.0, 1.0]], "pinky_03_l": [[0.34501487016677856, -0.9385636448860168, -0.007949084043502808, 67.012451171875], [-0.14458191394805908, -0.061512380838394165, 0.9875791072845459, -0.35460540652275085], [-0.9273948669433594, -0.3395802974700928, -0.15692201256752014, 97.23920440673828], [0.0, 0.0, 0.0, 1.0]], "ring_01_l": [[0.4552077054977417, -0.8844937086105347, 0.1022583544254303, 64.57562255859375], [-0.20153456926345825, 0.009514302015304565, 0.97943514585495, -2.0826382637023926], [-0.8672771453857422, -0.4664549231529236, -0.1739250123500824, 103.03924560546875], [0.0, 0.0, 0.0, 1.0]], "ring_02_l": [[0.24213829636573792, -0.9650413990020752, 0.1003204733133316, 66.59226989746094], [-0.16530388593673706, 0.06085273623466492, 0.9843635559082031, -2.9754762649536133], [-0.9560563564300537, -0.25493544340133667, -0.14479032158851624, 99.1970443725586], [0.0, 0.0, 0.0, 1.0]], "ring_03_l": [[0.445625901222229, -0.8873909711837769, 0.1181303858757019, 67.4341049194336], [-0.22578644752502441, 0.01628097891807556, 0.974040687084198, -3.550180196762085], [-0.8662781715393066, -0.4607299864292145, -0.19310563802719116, 95.8731689453125], [0.0, 0.0, 0.0, 1.0]], "thumb_01_l": [[0.03345904499292374, 0.5834627151489258, 0.8114504814147949, 57.477996826171875], [-0.8269939422607422, 0.4720708131790161, -0.3053362965583801, -3.8766472339630127], [-0.5612144470214844, -0.6608482599258423, 0.49831509590148926, 107.63908386230469], [0.0, 0.0, 0.0, 1.0]], "thumb_02_l": [[0.043499693274497986, 0.5776116847991943, 0.8151518106460571, 57.607479095458984], [-0.6128027439117432, 0.6598312854766846, -0.4348510503768921, -7.076857566833496], [-0.7890377044677734, -0.4806113541126251, 0.3826645016670227, 105.46736907958984], [0.0, 0.0, 0.0, 1.0]], "thumb_03_l": [[-0.08821935206651688, 0.6073042154312134, 0.7895560264587402, 57.784175872802734], [-0.736404538154602, 0.49399757385253906, -0.4622495174407959, -9.566149711608887], [-0.6707648038864136, -0.6222121119499207, 0.40364140272140503, 102.26215362548828], [0.0, 0.0, 0.0, 1.0]], "lowerarm_twist_01_l": [[0.7184910178184509, 0.22621285915374756, 0.6577221155166626, 47.3234977722168], [-0.4291151762008667, 0.8883805274963379, 0.1632184237241745, 5.903029441833496], [-0.5473854541778564, -0.3995095491409302, 0.7353646755218506, 118.78204345703125], [0.0, 0.0, 0.0, 1.0]], "upperarm_twist_01_l": [[0.6448396444320679, -0.06804906576871872, 0.7612826228141785, 18.022642135620117], [0.07249950617551804, 0.9969836473464966, 0.027707483619451523, 9.747254371643066], [-0.7608716487884521, 0.037325724959373474, 0.6478279829025269, 149.14981079101562], [0.0, 0.0, 0.0, 1.0]], "clavicle_r": [[0.8817443251609802, -0.4467734694480896, 0.15139247477054596, -3.781996011734009], [-0.44033297896385193, -0.894646942615509, -0.07558506727218628, 2.760396718978882], [0.16921216249465942, -1.6429379684268497e-05, -0.9855796098709106, 152.20132446289062], [0.0, 0.0, 0.0, 1.0]], "upperarm_r": [[0.644848108291626, -0.06804914027452469, 0.7612901329994202, -17.70016098022461], [-0.07250113785266876, -0.9969835877418518, -0.027708828449249268, 9.710976600646973], [0.7608774900436401, -0.03732556477189064, -0.6478236317634583, 149.53038024902344], [0.0, 0.0, 0.0, 1.0]], "lowerarm_r": [[0.7184903621673584, 0.22621265053749084, 0.6577221155166626, -37.26464080810547], [0.4291153848171234, -0.8883801698684692, -0.16321903467178345, 11.910614967346191], [0.5473857522010803, 0.39951008558273315, -0.7353639006614685, 126.44549560546875], [0.0, 0.0, 0.0, 1.0]], "hand_r": [[0.6874744296073914, -0.6143575310707092, 0.3872256577014923, -56.64610290527344], [0.44220560789108276, -0.06881846487522125, -0.8942697048187256, 0.33510109782218933], [0.5760496258735657, 0.7860209941864014, 0.22436131536960602, 111.67965698242188], [0.0, 0.0, 0.0, 1.0]], "index_01_r": [[0.38012176752090454, -0.7290748357772827, 0.5691723823547363, -63.0421142578125], [0.30983850359916687, -0.47944000363349915, -0.8210586905479431, -6.7664337158203125], [0.8714972734451294, 0.48845380544662476, 0.043649882078170776, 103.81486511230469], [0.0, 0.0, 0.0, 1.0]], "index_02_r": [[0.22513552010059357, -0.7786599397659302, 0.5856642723083496, -64.67208099365234], [0.19669827818870544, -0.552396297454834, -0.8100420236587524, -8.094915390014648], [0.9542660713195801, 0.29756835103034973, 0.02879709005355835, 100.07820892333984], [0.0, 0.0, 0.0, 1.0]], "index_03_r": [[0.3402717709541321, -0.7189566493034363, 0.6060664057731628, -65.43624114990234], [0.2991943955421448, -0.5282512903213501, -0.7946277856826782, -8.762518882751465], [0.89145827293396, 0.4517210125923157, 0.03535884618759155, 96.83965301513672], [0.0, 0.0, 0.0, 1.0]], "middle_01_r": [[0.4397904872894287, -0.821232795715332, 0.36353957653045654, -64.48995208740234], [0.26839450001716614, -0.2661079168319702, -0.9258244037628174, -4.4795379638671875], [0.8570581078529358, 0.5047407150268555, 0.10338276624679565, 103.48139953613281], [0.0, 0.0, 0.0, 1.0]], "middle_02_r": [[0.2477857619524002, -0.908447265625, 0.3366391658782959, -66.53072357177734], [0.2239798903465271, -0.28434568643569946, -0.9321913123130798, -5.725015640258789], [0.9425684213638306, 0.3063841462135315, 0.13301712274551392, 99.50409698486328], [0.0, 0.0, 0.0, 1.0]], "middle_03_r": [[0.5044887065887451, -0.8058788180351257, 0.30991998314857483, -67.43489074707031], [0.21923786401748657, -0.2276189774274826, -0.9487488269805908, -6.542300224304199], [0.8351201415061951, 0.5465792417526245, 0.06184810400009155, 96.06475830078125], [0.0, 0.0, 0.0, 1.0]], "pinky_01_r": [[0.5354576706886292, -0.8432244658470154, -0.047513216733932495, -64.02491760253906], [0.07995569705963135, 0.10661724209785461, -0.9910801649093628, 0.15881149470806122], [0.8407687544822693, 0.526882529258728, 0.12450963258743286, 103.01739501953125], [0.0, 0.0, 0.0, 1.0]], "pinky_02_r": [[0.3601599335670471, -0.932096004486084, -0.03849884867668152, -65.93699645996094], [0.07637128233909607, 0.07058930397033691, -0.9945776462554932, -0.1267162561416626], [0.9297593235969543, 0.355266809463501, 0.09660878777503967, 100.01490783691406], [0.0, 0.0, 0.0, 1.0]], "pinky_03_r": [[0.3450152277946472, -0.9385635256767273, -0.007948890328407288, -67.01251983642578], [0.1445823758840561, 0.06151244044303894, -0.9875789880752563, -0.354654461145401], [0.9273945093154907, 0.33958059549331665, 0.15692242980003357, 97.23931121826172], [0.0, 0.0, 0.0, 1.0]], "ring_01_r": [[0.45520827174186707, -0.8844934105873108, 0.10225862264633179, -64.57562255859375], [0.20153513550758362, -0.009514153003692627, -0.9794350266456604, -2.0827667713165283], [0.8672767877578735, 0.4664556384086609, 0.173925518989563, 103.03901672363281], [0.0, 0.0, 0.0, 1.0]], "ring_02_r": [[0.24213793873786926, -0.9650413393974304, 0.1003207266330719, -66.59220886230469], [0.16530567407608032, -0.060852646827697754, -0.9843631982803345, -2.9755287170410156], [0.9560559988021851, 0.2549351155757904, 0.1447920799255371, 99.19712829589844], [0.0, 0.0, 0.0, 1.0]], "ring_03_r": [[0.44562581181526184, -0.8873911499977112, 0.11813022941350937, -67.4341049194336], [0.22578608989715576, -0.016280800104141235, -0.9740409851074219, -3.5502374172210693], [0.8662786483764648, 0.4607301354408264, 0.1931052803993225, 95.8732681274414], [0.0, 0.0, 0.0, 1.0]], "thumb_01_r": [[0.033459216356277466, 0.5834625959396362, 0.8114505410194397, -57.47806167602539], [0.8269941806793213, -0.4720706343650818, 0.30533576011657715, -3.8767666816711426], [0.5612139701843262, 0.6608485579490662, -0.4983152747154236, 107.63892364501953], [0.0, 0.0, 0.0, 1.0]], "thumb_02_r": [[0.04349780082702637, 0.5776116251945496, 0.8151519894599915, -57.607418060302734], [0.6128017902374268, -0.6598315238952637, 0.43485257029533386, -7.076916694641113], [0.7890386581420898, 0.4806113839149475, -0.3826625645160675, 105.46731567382812], [0.0, 0.0, 0.0, 1.0]], "thumb_03_r": [[-0.0882207453250885, 0.6073043346405029, 0.7895559668540955, -57.78413391113281], [0.7364051342010498, -0.4939967095851898, 0.4622502326965332, -9.566227912902832], [0.6707643866539001, 0.6222131252288818, -0.4036411643028259, 102.26211547851562], [0.0, 0.0, 0.0, 1.0]], "lowerarm_twist_01_r": [[0.71849125623703, 0.06629502773284912, 0.6923699378967285, -47.323509216308594], [0.42911532521247864, -0.8256654143333435, -0.36624670028686523, 5.902981281280518], [0.547385036945343, 0.5602514743804932, -0.6216821074485779, 118.78211212158203], [0.0, 0.0, 0.0, 1.0]], "upperarm_twist_01_r": [[0.6448388695716858, -0.32373812794685364, 0.6923702955245972, -18.022584915161133], [-0.07249918580055237, -0.9276893138885498, -0.36624637246131897, 9.74722957611084], [0.7608731985092163, 0.18597376346588135, -0.6216810941696167, 149.14993286132812], [0.0, 0.0, 0.0, 1.0]], "neck_01": [[1.911490414840955e-07, 2.9802322387695312e-08, -1.0, 7.170370281528449e-06], [-0.24240140616893768, 0.9701760411262512, -2.9802322387695312e-08, 5.874689102172852], [0.9701760411262512, 0.24240140616893768, 1.9371509552001953e-07, 156.42100524902344], [0.0, 0.0, 0.0, 1.0]], "head": [[1.9467275080842228e-07, -3.725290298461914e-09, -0.9999999403953552, 8.263858944701497e-06], [0.02304236590862274, 0.9997344017028809, 0.0, 3.977632522583008], [0.9997344613075256, -0.02304236590862274, 1.94646418094635e-07, 165.51600646972656], [0.0, 0.0, 0.0, 1.0]], "thigh_l": [[-0.12242885679006577, -0.14778469502925873, -0.9814127087593079, 9.005809783935547], [-0.02987319603562355, 0.9889522790908813, -0.145193412899971, 0.5300275683403015], [0.9920276403427124, 0.011542086489498615, -0.12549109756946564, 95.29985046386719], [0.0, 0.0, 0.0, 1.0]], "calf_l": [[-0.07111060619354248, -0.06353163719177246, -0.9954431056976318, 14.217845916748047], [-0.15603086352348328, 0.9863925576210022, -0.05180775374174118, 1.8017860651016235], [0.9851890802383423, 0.1516357958316803, -0.08005587756633759, 53.06720733642578], [0.0, 0.0, 0.0, 1.0]], "calf_twist_01_l": [[-0.07394026219844818, -0.0702265202999115, -0.9947869181632996, 15.673959732055664], [-0.17123806476593018, 0.9835960865020752, -0.056708768010139465, 4.996794700622559], [0.9824511408805847, 0.16615232825279236, -0.08475282788276672, 32.89370346069336], [0.0, 0.0, 0.0, 1.0]], "foot_l": [[-0.014825994148850441, -0.04569393768906593, -0.9988453984260559, 17.076255798339844], [-0.012813178822398186, 0.9988818764686584, -0.04550541564822197, 8.073709487915039], [0.9998078346252441, 0.012123726308345795, -0.015394901856780052, 13.46585464477539], [0.0, 0.0, 0.0, 1.0]], "ball_l": [[0.046312689781188965, -0.013384737074375153, -0.9988373517990112, 17.908687591552734], [-0.9979139566421509, -0.04564143344759941, -0.04565826803445816, -8.355310440063477], [-0.04497724026441574, 0.9988682866096497, -0.015470551326870918, 2.811812162399292], [0.0, 0.0, 0.0, 1.0]], "thigh_twist_01_l": [[-0.12228689342737198, -0.05422056466341019, -0.991012692451477, 11.710777282714844], [-0.030845822766423225, 0.9982320070266724, -0.05080929771065712, 1.190050721168518], [0.9920154213905334, 0.024355294182896614, -0.12374315410852432, 73.38174438476562], [0.0, 0.0, 0.0, 1.0]], "thigh_r": [[-0.12242874503135681, -0.14778469502925873, -0.9814127683639526, -9.005803108215332], [0.029872866347432137, -0.9889521598815918, 0.14519339799880981, 0.5300228595733643], [-0.99202960729599, -0.011542044579982758, 0.12549036741256714, 95.30003356933594], [0.0, 0.0, 0.0, 1.0]], "calf_r": [[-0.07111325860023499, -0.06353169679641724, -0.9954483509063721, -14.217876434326172], [0.1560307741165161, -0.9863925576210022, 0.05180744081735611, 1.8017909526824951], [-0.9851897954940796, -0.1516357809305191, 0.08005449175834656, 53.06718444824219], [0.0, 0.0, 0.0, 1.0]], "calf_twist_01_r": [[-0.07394048571586609, -0.07022321224212646, -0.994786262512207, -15.674004554748535], [0.17123785614967346, -0.9835965037345886, 0.05670549347996712, 4.996819972991943], [-0.9824510812759399, -0.16615234315395355, 0.08475321531295776, 32.89354705810547], [0.0, 0.0, 0.0, 1.0]], "foot_r": [[-0.01483762264251709, -0.04569396749138832, -0.9988483190536499, -17.076292037963867], [0.012812294065952301, -0.998881995677948, 0.04550519585609436, 8.073732376098633], [-0.9998458623886108, -0.012123708613216877, 0.015385746955871582, 13.465707778930664], [0.0, 0.0, 0.0, 1.0]], "ball_r": [[0.04631274566054344, -0.013384971767663956, -0.9988373517990112, -17.908721923828125], [0.9979138970375061, 0.045641493052244186, 0.045658309012651443, -8.355230331420898], [0.04497729241847992, -0.9988682270050049, 0.015470851212739944, 2.811681032180786], [0.0, 0.0, 0.0, 1.0]], "thigh_twist_01_r": [[-0.12228080630302429, -0.05421725660562515, -0.9910105466842651, -11.71077823638916], [0.03084610216319561, -0.9982320070266724, 0.050806015729904175, 1.1900471448898315], [-0.9920067191123962, -0.024355916306376457, 0.12374618649482727, 73.38192749023438], [0.0, 0.0, 0.0, 1.0]], "ik_foot_root": [[1.0, 0.0, 0.0, 0.0], [0.0, 1.0, 0.0, 0.0], [0.0, 0.0, 1.0, 0.0], [0.0, 0.0, 0.0, 1.0]], "ik_foot_l": [[-0.014827707782387733, -0.045693863183259964, -0.9988454580307007, 17.076271057128906], [-0.012795635499060154, 0.9988823533058167, -0.0455055832862854, 8.072127342224121], [0.999808132648468, 0.012106125243008137, -0.0153958136215806, 13.465730667114258], [0.0, 0.0, 0.0, 1.0]], "ik_foot_r": [[-0.01480969786643982, -0.04569598287343979, -0.9988404512405396, -17.0762882232666], [0.012797221541404724, -0.9988819360733032, 0.04550812393426895, 8.072148323059082], [-0.9997429251670837, -0.012106074951589108, 0.015413552522659302, 13.46557331085205], [0.0, 0.0, 0.0, 1.0]], "ik_hand_root": [[1.0, 0.0, 0.0, 0.0], [0.0, 0.9999999403953552, 0.0, 0.0], [0.0, 0.0, 1.0, 0.0], [0.0, 0.0, 0.0, 1.0]], "ik_hand_gun": [[0.6874741911888123, -0.614358127117157, 0.38722506165504456, -56.64609909057617], [0.44221624732017517, -0.06880327314138412, -0.8942655324935913, 0.33541175723075867], [0.576041579246521, 0.7860217094421387, 0.22437867522239685, 111.67965698242188], [0.0, 0.0, 0.0, 1.0]], "ik_hand_l": [[0.6874741911888123, -0.6143577098846436, 0.3872256278991699, 56.645999908447266], [-0.4422161877155304, 0.06880417466163635, 0.8942655324935913, 0.335459440946579], [-0.576041579246521, -0.7860218286514282, -0.22437772154808044, 111.67967224121094], [0.0, 0.0, 0.0, 1.0]], "ik_hand_r": [[0.6874743103981018, -0.6143580675125122, 0.38722503185272217, -56.646095275878906], [0.4422162175178528, -0.06880326569080353, -0.8942655324935913, 0.3354127109050751], [0.576041579246521, 0.7860217094421387, 0.22437869012355804, 111.67965698242188], [0.0, 0.0, 0.0, 1.0]]}, "iks": [{"name": "ik_foot_root", "head": [0.0, 0.0, 0.0], "tail": [0.0, 23.196605682373047, 0.0]}, {"name": "ik_foot_l", "head": [17.076271057128906, 8.072127342224121, 13.465730667114258], "tail": [16.016328811645508, 31.242801666259766, 13.746551513671875]}, {"name": "ik_foot_r", "head": [-17.0762882232666, 8.072148323059082, 13.46557331085205], "tail": [-18.136280059814453, -15.098525047302246, 13.18475341796875]}, {"name": "ik_hand_root", "head": [0.0, 0.0, 0.0], "tail": [0.0, 125.2247543334961, 0.0]}, {"name": "ik_hand_gun", "head": [-56.64609909057617, 0.33541175723075867, 111.67965698242188], "tail": [-91.44705963134766, -3.5620217323303223, 156.20468139648438]}, {"name": "ik_hand_l", "head": [56.645999908447266, 0.335459440946579, 111.67967224121094], "tail": [21.845054626464844, 4.232941627502441, 67.15463256835938]}, {"name": "ik_hand_r", "head": [-56.646095275878906, 0.3354127109050751, 111.67965698242188], "tail": [-91.44705200195312, -3.562021255493164, 156.20468139648438]}], "parents": {"pelvis": "root", "spine_01": "pelvis", "spine_02": "spine_01", "spine_03": "spine_02", "clavicle_l": "spine_03", "upperarm_l": "clavicle_l", "lowerarm_l": "upperarm_l", "hand_l": "lowerarm_l", "index_01_l": "hand_l", "index_02_l": "index_01_l", "index_03_l": "index_02_l", "middle_01_l": "hand_l", "middle_02_l": "middle_01_l", "middle_03_l": "middle_02_l", "pinky_01_l": "hand_l", "pinky_02_l": "pinky_01_l", "pinky_03_l": "pinky_02_l", "ring_01_l": "hand_l", "ring_02_l": "ring_01_l", "ring_03_l": "ring_02_l", "thumb_01_l": "hand_l", "thumb_02_l": "thumb_01_l", "thumb_03_l": "thumb_02_l", "lowerarm_twist_01_l": "lowerarm_l", "upperarm_twist_01_l": "upperarm_l", "clavicle_r": "spine_03", "upperarm_r": "clavicle_r", "lowerarm_r": "upperarm_r", "hand_r": "lowerarm_r", "index_01_r": "hand_r", "index_02_r": "index_01_r", "index_03_r": "index_02_r", "middle_01_r": "hand_r", "middle_02_r": "middle_01_r", "middle_03_r": "middle_02_r", "pinky_01_r": "hand_r", "pinky_02_r": "pinky_01_r", "pinky_03_r": "pinky_02_r", "ring_01_r": "hand_r", "ring_02_r": "ring_01_r", "ring_03_r": "ring_02_r", "thumb_01_r": "hand_r", "thumb_02_r": "thumb_01_r", "thumb_03_r": "thumb_02_r", "lowerarm_twist_01_r": "lowerarm_r", "upperarm_twist_01_r": "upperarm_r", "neck_01": "spine_03", "head": "neck_01", "thigh_l": "pelvis", "calf_l": "thigh_l", "calf_twist_01_l": "calf_l", "foot_l": "calf_l", "ball_l": "foot_l", "thigh_twist_01_l": "thigh_l", "thigh_r": "pelvis", "calf_r": "thigh_r", "calf_twist_01_r": "calf_r", "foot_r": "calf_r", "ball_r": "foot_r", "thigh_twist_01_r": "thigh_r", "ik_foot_root": "root", "ik_foot_l": "ik_foot_root", "ik_foot_r": "ik_foot_root", "ik_hand_root": "root", "ik_hand_gun": "ik_hand_root", "ik_hand_l": "ik_hand_gun", "ik_hand_r": "ik_hand_gun"}}