{"shoulder.L": [[0.4602125287055969, 0.8817448019981384, 0.1035877913236618, 3.781989812850952], [-0.8817446827888489, 0.4403333365917206, 0.16921105980873108, 2.7603960037231445], [0.10358788818120956, -0.16921107470989227, 0.9801207780838013, 152.20118713378906], [0.0, 0.0, 0.0, 1.0]], "shoulder.R": [[0.4602123498916626, -0.8817450404167175, -0.10358717292547226, -3.781996011734009], [0.8817449808120728, 0.44033369421958923, 0.16920989751815796, 2.7603983879089355], [-0.10358711332082748, -0.16920997202396393, 0.9801211357116699, 152.20130920410156], [0.0, 0.0, 0.0, 1.0]], "spine_fk": [[1.0, 1.1979558678376634e-07, -1.300788454727808e-07, 1.2988681419301429e-06], [-1.1979547309692862e-07, -0.08216895163059235, -0.9966182708740234, 0.16524827480316162], [-1.300789307379091e-07, 0.9966182708740234, -0.08216898888349533, 107.55630493164062], [0.0, 0.0, 0.0, 1.0]], "spine_fk.001": [[1.0, 1.1677396827280973e-07, -1.0884998147275837e-07, 3.547266715031583e-06], [-1.1677396827280973e-07, 0.0701541006565094, -0.9975361227989197, 1.5160155296325684], [-1.0884998147275837e-07, 0.9975361227989197, 0.07015413045883179, 126.76314544677734], [0.0, 0.0, 0.0, 1.0]], "spine_fk.002": [[1.0, 1.1883233952403316e-07, -1.023985660708604e-07, 3.547266715031583e-06], [-1.1883233952403316e-07, 0.14775137603282928, -0.9890244603157043, 1.5160155296325684], [-1.023985660708604e-07, 0.9890244603157043, 0.14775145053863525, 126.76314544677734], [0.0, 0.0, 0.0, 1.0]], "spine_fk.003": [[1.0, 1.2251082637249056e-07, -1.0602775546431076e-07, 5.141274868947221e-06], [-1.2251082637249056e-07, 0.1435011923313141, -0.9896500110626221, 3.4979419708251953], [-1.0602773414802869e-07, 0.9896500110626221, 0.14350126683712006, 140.02984619140625], [0.0, 0.0, 0.0, 1.0]], "torso": [[1.0, 0.0, 0.0, 6.494339572782337e-07], [0.0, 1.0, 0.0, 0.6107001304626465], [0.0, 0.0, 1.0, 102.15345764160156], [0.0, 0.0, 0.0, 1.0]], "upper_arm_fk.L": [[-0.6923693418502808, 0.644839882850647, 0.3237384557723999, 17.700225830078125], [-0.3662465810775757, 0.0724998190999031, -0.9276890158653259, 9.711003303527832], [-0.621681809425354, -0.7608717679977417, 0.18597355484962463, 149.53021240234375], [0.0, 0.0, 0.0, 1.0]], "forearm_fk.L": [[-0.6923694014549255, 0.7184914946556091, -0.06629564613103867, 37.26463317871094], [-0.3662460446357727, -0.4291152060031891, -0.8256655335426331, 11.910643577575684], [-0.6216821074485779, -0.5473854541778564, 0.5602506995201111, 126.44540405273438], [0.0, 0.0, 0.0, 1.0]], "hand_fk.L": [[-0.8329928517341614, 0.5459694266319275, 0.0896698385477066, 56.64604187011719], [-0.385270893573761, -0.4560542702674866, -0.8022350668907166, 0.33520033955574036], [-0.39710134267807007, -0.7028031349182129, 0.5902360081672668, 111.67960357666016], [0.0, 0.0, 0.0, 1.0]], "f_index.01.L": [[0.5337387323379517, 0.13244575262069702, -0.8352134227752686, 60.711669921875], [0.8142502903938293, -0.34712469577789307, 0.4652964770793915, -7.12230920791626], [-0.22829698026180267, -0.9284190535545349, -0.2931179404258728, 102.67655181884766], [0.0, 0.0, 0.0, 1.0]], "f_index.02.L": [[0.5536559820175171, -0.039465438574552536, -0.8318099975585938, 61.27953338623047], [0.8037051558494568, -0.23616355657577515, 0.5461544394493103, -8.610607147216797], [-0.2179976999759674, -0.9709113240242004, -0.09903495013713837, 98.69595336914062], [0.0, 0.0, 0.0, 1.0]], "f_index.03.L": [[0.5721915364265442, -0.03946538269519806, -0.8191701173782349, 61.14559555053711], [0.7912407517433167, -0.23616358637809753, 0.5640608668327332, -9.41209888458252], [-0.2157192826271057, -0.9709113240242004, -0.1039043441414833, 95.40087890625], [0.0, 0.0, 0.0, 1.0]], "f_middle.01.L": [[0.31927841901779175, 0.19366462528705597, -0.9276612997055054, 62.00868225097656], [0.9181499481201172, -0.3056034445762634, 0.25220516324043274, -4.86170768737793], [-0.2346533238887787, -0.9322559237480164, -0.27538561820983887, 101.87368774414062], [0.0, 0.0, 0.0, 1.0]], "f_middle.02.L": [[0.285371869802475, -0.014415686018764973, -0.9583085775375366, 62.9073600769043], [0.9235433340072632, -0.2631337344646454, 0.278977632522583, -6.279825210571289], [-0.25618502497673035, -0.9646519422531128, -0.06177735701203346, 97.54766082763672], [0.0, 0.0, 0.0, 1.0]], "f_middle.03.L": [[0.2784668803215027, -0.014415698125958443, -0.9603378176689148, 62.854759216308594], [0.9255274534225464, -0.2631334960460663, 0.2723230719566345, -7.239958763122559], [-0.2566227912902832, -0.9646520018577576, -0.05993172898888588, 94.02780151367188], [0.0, 0.0, 0.0, 1.0]], "f_pinky.01.L": [[-0.0824936181306839, 0.2895756661891937, -0.9535938501358032, 61.420921325683594], [0.9856939315795898, -0.11741048097610474, -0.12092426419258118, -0.24191570281982422], [-0.14697863161563873, -0.9499267935752869, -0.27574723958969116, 101.36548614501953], [0.0, 0.0, 0.0, 1.0]], "f_pinky.02.L": [[-0.06631123274564743, 0.09678100049495697, -0.9930946230888367, 62.454994201660156], [0.9902263283729553, -0.11600673943758011, -0.07742499560117722, -0.6611870527267456], [-0.12269894033670425, -0.9885219931602478, -0.0881425216794014, 97.97331237792969], [0.0, 0.0, 0.0, 1.0]], "f_pinky.03.L": [[-0.05978626012802124, 0.09678100049495697, -0.9935087561607361, 62.74394607543945], [0.9907135963439941, -0.11600679904222488, -0.07091864198446274, -1.0075404644012451], [-0.12211735546588898, -0.988521933555603, -0.0889466181397438, 95.0219497680664], [0.0, 0.0, 0.0, 1.0]], "f_ring.01.L": [[0.048480041325092316, 0.2055433988571167, -0.9774467349052429, 61.96430969238281], [0.9709376096725464, -0.23932377994060516, -0.002169113839045167, -2.485041618347168], [-0.23437201976776123, -0.9489346146583557, -0.21117211878299713, 101.3285903930664], [0.0, 0.0, 0.0, 1.0]], "f_ring.02.L": [[0.0544419065117836, -0.023674294352531433, -0.9982365369796753, 62.87490463256836], [0.9770337343215942, -0.20499825477600098, 0.05814744904637337, -3.5452895164489746], [-0.2060132622718811, -0.978476345539093, 0.011970201507210732, 97.1246337890625], [0.0, 0.0, 0.0, 1.0]], "f_ring.03.L": [[0.05993706360459328, -0.02367430552840233, -0.9979216456413269, 62.792598724365234], [0.9766988158226013, -0.20499837398529053, 0.06352581828832626, -4.257997035980225], [-0.20607617497444153, -0.978476345539093, 0.010835777036845684, 93.72280883789062], [0.0, 0.0, 0.0, 1.0]], "thumb.01.L": [[0.9166375398635864, -0.11619478464126587, 0.3824588656425476, 56.373069763183594], [-0.29157862067222595, -0.8488578796386719, 0.4409332573413849, -4.040060520172119], [0.273419052362442, -0.5156924724578857, -0.8119750022888184, 107.7374496459961], [0.0, 0.0, 0.0, 1.0]], "thumb.02.L": [[0.889483630657196, -0.1685623675584793, 0.42474231123924255, 55.923431396484375], [-0.4256120026111603, -0.6439597010612488, 0.6357438564300537, -7.324873447418213], [0.16635452210903168, -0.7462587952613831, -0.6445340514183044, 105.74188232421875], [0.0, 0.0, 0.0, 1.0]], "thumb.03.L": [[0.8704227805137634, -0.1685621738433838, 0.46254876255989075, 55.23870086669922], [-0.4525207281112671, -0.643960177898407, 0.616879403591156, -9.940746307373047], [0.19388054311275482, -0.7462583780288696, -0.6367957592010498, 102.71045684814453], [0.0, 0.0, 0.0, 1.0]], "upper_arm_fk.R": [[-0.6923694610595703, -0.6448399424552917, -0.32373741269111633, -17.70016860961914], [0.3662458062171936, 0.0724993571639061, -0.9276894330978394, 9.710977554321289], [0.6216819882392883, -0.760871410369873, 0.1859736144542694, 149.53036499023438], [0.0, 0.0, 0.0, 1.0]], "forearm_fk.R": [[-0.6923695802688599, -0.7184908390045166, 0.06629683822393417, -37.2646484375], [0.36624544858932495, -0.4291163682937622, -0.825665295124054, 11.910612106323242], [0.6216820478439331, -0.5473847985267639, 0.5602510571479797, 126.44548034667969], [0.0, 0.0, 0.0, 1.0]], "hand_fk.R": [[-0.6923698782920837, -0.718490481376648, 0.066297747194767, -56.64611053466797], [0.36624541878700256, -0.42911770939826965, -0.825664758682251, 0.33509355783462524], [0.621681809425354, -0.5473842024803162, 0.5602519512176514, 111.67964172363281], [0.0, 0.0, 0.0, 1.0]], "f_index.01.R": [[0.5691666603088379, -0.38015085458755493, 0.7290642857551575, -63.04212188720703], [-0.8210633993148804, -0.30983787775039673, 0.4794321656227112, -6.766462802886963], [0.043635111302137375, -0.8714848160743713, -0.4884774088859558, 103.81486511230469], [0.0, 0.0, 0.0, 1.0]], "f_index.02.R": [[0.5856641530990601, -0.22516398131847382, 0.7786519527435303, -64.67208862304688], [-0.8100420832633972, -0.19671396911144257, 0.5523903965950012, -8.094950675964355], [0.028793223202228546, -0.9542561173439026, -0.29760071635246277, 100.07820892333984], [0.0, 0.0, 0.0, 1.0]], "f_index.03.R": [[0.602997362613678, -0.225163996219635, 0.7653074264526367, -65.43624877929688], [-0.7974366545677185, -0.19671398401260376, 0.5704367756843567, -8.762558937072754], [0.022104792296886444, -0.9542561173439026, -0.29817214608192444, 96.83965301513672], [0.0, 0.0, 0.0, 1.0]], "f_middle.01.R": [[0.36354154348373413, -0.439767450094223, 0.8212442398071289, -64.48995971679688], [-0.925823450088501, -0.268390417098999, 0.26611554622650146, -4.479567050933838], [0.1033850610256195, -0.8570711612701416, -0.5047181248664856, 103.48139953613281], [0.0, 0.0, 0.0, 1.0]], "f_middle.02.R": [[0.3366401493549347, -0.24779145419597626, 0.9084452986717224, -66.53073120117188], [-0.9321908354759216, -0.2239820659160614, 0.2843451499938965, -5.7250518798828125], [0.13301706314086914, -0.9425663352012634, -0.30639031529426575, 99.50409698486328], [0.0, 0.0, 0.0, 1.0]], "f_middle.03.R": [[0.330093115568161, -0.24779197573661804, 0.9108445048332214, -67.43489837646484], [-0.9342131614685059, -0.22398224472999573, 0.27762845158576965, -6.542341709136963], [0.1352188140153885, -0.9425660967826843, -0.30542558431625366, 96.06475830078125], [0.0, 0.0, 0.0, 1.0]], "f_pinky.01.R": [[-0.047513220459222794, -0.5354370474815369, 0.8432375192642212, -64.02493286132812], [-0.9910803437232971, -0.07995760440826416, -0.106614850461483, 0.15878643095493317], [0.12450870871543884, -0.8407816886901855, -0.5268620252609253, 103.01740264892578], [0.0, 0.0, 0.0, 1.0]], "f_pinky.02.R": [[-0.03850223496556282, -0.3602609634399414, 0.9320566058158875, -65.93701171875], [-0.9945786595344543, -0.07635241746902466, -0.0705968365073204, -0.12674735486507416], [0.09659798443317413, -0.9297216534614563, -0.3553679883480072, 100.0149154663086], [0.0, 0.0, 0.0, 1.0]], "f_pinky.03.R": [[-0.03238545358181, -0.36026090383529663, 0.932289183139801, -67.01253509521484], [-0.9950204491615295, -0.07635247707366943, -0.06406912952661514, -0.354690283536911], [0.09426413476467133, -0.9297215342521667, -0.35599416494369507, 97.23931884765625], [0.0, 0.0, 0.0, 1.0]], "f_ring.01.R": [[0.10225853323936462, -0.4552249312400818, 0.8844847679138184, -64.57563018798828], [-0.9794353246688843, -0.20153389871120453, 0.009511020965874195, -2.082793712615967], [0.17392392456531525, -0.8672683835029602, -0.46647191047668457, 103.03901672363281], [0.0, 0.0, 0.0, 1.0]], "f_ring.02.R": [[0.10032164305448532, -0.24215731024742126, 0.9650362730026245, -66.59221649169922], [-0.9843630790710449, -0.16530652344226837, 0.060850270092487335, -2.975562810897827], [0.144791379570961, -0.9560509324073792, -0.2549545168876648, 99.19712829589844], [0.0, 0.0, 0.0, 1.0]], "f_ring.03.R": [[0.1056322380900383, -0.24215729534626007, 0.9644694328308105, -67.43411254882812], [-0.9840131998062134, -0.16530650854110718, 0.06626784801483154, -3.550276517868042], [0.14338578283786774, -0.9560508728027344, -0.2557476758956909, 95.8732681274414], [0.0, 0.0, 0.0, 1.0]], "thumb.01.R": [[0.8114507794380188, -0.033428605645895004, -0.5834637880325317, -57.478057861328125], [0.3053482472896576, -0.8270050287246704, 0.4720441401004791, -3.876776695251465], [-0.4983070492744446, -0.5612006783485413, -0.6608660817146301, 107.63892364501953], [0.0, 0.0, 0.0, 1.0]], "thumb.02.R": [[0.8151509165763855, -0.04350275918841362, -0.5776124596595764, -57.6074104309082], [0.434849351644516, -0.6128048300743103, 0.6598308682441711, -7.076929569244385], [-0.3826678991317749, -0.7890364527702332, -0.48061075806617737, 105.46731567382812], [0.0, 0.0, 0.0, 1.0]], "thumb.03.R": [[0.7895931005477905, -0.043502748012542725, -0.6120865345001221, -57.78412628173828], [0.46278491616249084, -0.6128047108650208, 0.6405474543571472, -9.566244125366211], [-0.40295472741127014, -0.7890365719795227, -0.46373337507247925, 102.26211547851562], [0.0, 0.0, 0.0, 1.0]], "neck": [[1.0, 1.1769660801519422e-07, -1.447791362352291e-07, 7.170368007791694e-06], [-1.1769665064775836e-07, -0.20418794453144073, -0.9789316654205322, 5.87468957901001], [-1.4477909360266494e-07, 0.9789316654205322, -0.2041880041360855, 156.42098999023438], [0.0, 0.0, 0.0, 1.0]], "rig.head": [[1.0, -5.329070518200751e-15, 1.694065591586013e-21, 8.263856216217391e-06], [8.470329472543003e-22, -2.0529532207547163e-07, -1.0, 3.9776322841644287], [5.329070094684278e-15, 1.0, -2.384185791015625e-07, 165.5159912109375], [0.0, 0.0, 0.0, 1.0]], "thigh_fk.L": [[0.9924776554107666, 0.12242847681045532, 1.0735412558915414e-08, 9.005810737609863], [-0.003685127478092909, 0.029873792082071304, 0.9995471239089966, 0.5300273895263672], [0.12237301468849182, -0.9920276999473572, 0.030100328847765923, 95.29985046386719], [0.0, 0.0, 0.0, 1.0]], "shin_fk.L": [[0.9974690079689026, 0.07111039757728577, -1.1070001164625864e-06, 14.217841148376465], [-0.01112243253737688, 0.15603025257587433, 0.9876898527145386, 1.8018157482147217], [0.0702352374792099, -0.9851890802383423, 0.15642628073692322, 53.067203521728516], [0.0, 0.0, 0.0, 1.0]], "foot_fk.L": [[0.9888460040092468, 0.04247386381030083, 0.14275749027729034, 17.076244354248047], [-0.042473096400499344, -0.8382652997970581, 0.5436062216758728, 8.073718070983887], [0.1427576243877411, -0.5436057448387146, -0.8271118998527527, 13.465843200683594], [0.0, 0.0, 0.0, 1.0]], "toe.L": [[-0.9916554093360901, 0.12907055020332336, 1.4475494936050382e-06, 17.9086856842041], [-0.12907183170318604, -0.9916357398033142, -1.2698069440375548e-06, -8.355345726013184], [1.8553912468632916e-06, -2.414830646557675e-07, 1.000001311302185, 2.8117761611938477], [0.0, 0.0, 0.0, 1.0]], "thigh_fk.R": [[0.9924774169921875, -0.12242884933948517, -3.502594552173832e-07, -9.005802154541016], [0.0036853693891316652, 0.029872829094529152, 0.9995469450950623, 0.5300217270851135], [-0.12237338721752167, -0.9920276403427124, 0.030099239200353622, 95.30003356933594], [0.0, 0.0, 0.0, 1.0]], "shin_fk.R": [[0.997468888759613, -0.07111045718193054, 1.3184994713810738e-06, -14.217873573303223], [0.011122290976345539, 0.1560310423374176, 0.9876896142959595, 1.8017752170562744], [-0.07023528963327408, -0.9851893782615662, 0.15642687678337097, 53.06718444824219], [0.0, 0.0, 0.0, 1.0]], "foot_fk.R": [[0.9888463020324707, -0.04247371852397919, -0.142757385969162, -17.0762882232666], [0.042473405599594116, -0.8382647037506104, 0.5436067581176758, 8.073728561401367], [-0.14275749027729034, -0.5436067581176758, -0.8271108269691467, 13.465694427490234], [0.0, 0.0, 0.0, 1.0]], "toe.R": [[-0.9915856719017029, -0.12906703352928162, -3.260049084019556e-07, -17.908721923828125], [0.1290644407272339, -0.9916357398033142, -1.5086297366906365e-07, -8.355246543884277], [-2.835460009009694e-07, -1.1999063076473249e-07, 1.000000238418579, 2.8116626739501953], [0.0, 0.0, 0.0, 1.0]]}