{"shoulder.L": [[0.44677338004112244, 0.881744921207428, 0.15139146149158478, 3.781989812850952], [-0.8946471214294434, 0.44033345580101013, 0.07558449357748032, 2.7603955268859863], [-1.646578311920166e-05, -0.1692110002040863, 0.9855796098709106, 152.20120239257812], [0.0, 0.0, 0.0, 1.0]], "shoulder.R": [[0.4467737376689911, -0.8817450404167175, -0.15139034390449524, -3.7819957733154297], [0.894646942615509, 0.44033366441726685, 0.07558433711528778, 2.7603981494903564], [1.621246337890625e-05, -0.1692100167274475, 0.9855798482894897, 152.2012939453125], [0.0, 0.0, 0.0, 1.0]], "spine_fk": [[1.0, 1.1979558678376634e-07, -1.300788454727808e-07, 1.2988681419301429e-06], [-1.1979547309692862e-07, -0.08216895163059235, -0.9966182708740234, 0.16524827480316162], [-1.300789307379091e-07, 0.9966182708740234, -0.08216898888349533, 107.55630493164062], [0.0, 0.0, 0.0, 1.0]], "spine_fk.001": [[1.0, 1.1677396827280973e-07, -1.0884998147275837e-07, 3.547266715031583e-06], [-1.1677396827280973e-07, 0.0701541006565094, -0.9975361227989197, 1.5160155296325684], [-1.0884998147275837e-07, 0.9975361227989197, 0.07015413045883179, 126.76314544677734], [0.0, 0.0, 0.0, 1.0]], "spine_fk.002": [[1.0, 1.188345777336508e-07, -0.00018320784147363156, 3.547266715031583e-06], [-0.00018121460743714124, 0.14775137603282928, -0.9890244603157043, 1.5160155296325684], [2.6951684048981406e-05, 0.9890244603157043, 0.14775145053863525, 126.76314544677734], [0.0, 0.0, 0.0, 1.0]], "spine_fk.003": [[0.9999999403953552, 1.2250893632881343e-07, -0.0002442466502543539, 5.141217570781009e-06], [-0.00024173631391022354, 0.1435011625289917, -0.9896499514579773, 3.4979419708251953], [3.492844189167954e-05, 0.9896500110626221, 0.14350125193595886, 140.02984619140625], [0.0, 0.0, 0.0, 1.0]], "torso": [[1.0, 0.0, 0.0, 6.494339572782337e-07], [0.0, 1.0, 0.0, 0.6107001304626465], [0.0, 0.0, 1.0, 102.15345764160156], [0.0, 0.0, 0.0, 1.0]], "upper_arm_fk.L": [[-0.7612822651863098, 0.6448395848274231, 0.0680493637919426, 17.70022201538086], [-0.027707627043128014, 0.0724998414516449, -0.9969834089279175, 9.711004257202148], [-0.647828221321106, -0.7608712315559387, -0.03732585161924362, 149.5302276611328], [0.0, 0.0, 0.0, 1.0]], "forearm_fk.L": [[-0.6577218174934387, 0.7184911966323853, -0.22621259093284607, 37.264617919921875], [-0.16321851313114166, -0.4291148781776428, -0.8883805274963379, 11.910645484924316], [-0.7353649735450745, -0.5473850965499878, 0.3995092511177063, 126.44544219970703], [0.0, 0.0, 0.0, 1.0]], "hand_fk.L": [[-0.6849342584609985, 0.6363982558250427, -0.35477113723754883, 56.646026611328125], [0.11042668670415878, -0.39062270522117615, -0.9139036536216736, 0.3352060616016388], [-0.7201882600784302, -0.6651400327682495, 0.19727548956871033, 111.67964172363281], [0.0, 0.0, 0.0, 1.0]], "f_index.01.L": [[0.5691724419593811, 0.3801206350326538, -0.7290751934051514, 63.04230880737305], [0.8210585117340088, -0.3098382353782654, 0.47944021224975586, -6.766382694244385], [-0.04365025833249092, -0.8714976906776428, -0.4884527027606964, 103.81497955322266], [0.0, 0.0, 0.0, 1.0]], "f_index.02.L": [[0.5856637954711914, 0.2251366227865219, -0.7786597609519958, 64.67207336425781], [0.810042142868042, -0.19669748842716217, 0.5523961186408997, -8.09481430053711], [-0.028795834630727768, -0.9542657136917114, -0.29756879806518555, 100.07843017578125], [0.0, 0.0, 0.0, 1.0]], "f_index.03.L": [[0.6029979586601257, 0.22513660788536072, -0.7653147578239441, 65.43614196777344], [0.7974360585212708, -0.19669748842716217, 0.5704431533813477, -8.762365341186523], [-0.022107839584350586, -0.9542657136917114, -0.298140287399292, 96.83984375], [0.0, 0.0, 0.0, 1.0]], "f_middle.01.L": [[0.36354008316993713, 0.43978995084762573, -0.821232795715332, 64.49003601074219], [0.9258245229721069, -0.2683945298194885, 0.26610833406448364, -4.479477882385254], [-0.10338261723518372, -0.8570584654808044, -0.5047403573989868, 103.48136901855469], [0.0, 0.0, 0.0, 1.0]], "f_middle.02.L": [[0.33663907647132874, 0.24778524041175842, -0.9084473848342896, 66.53083038330078], [0.9321915507316589, -0.2239791303873062, 0.284345805644989, -5.724931716918945], [-0.13301651179790497, -0.9425687193870544, -0.3063833713531494, 99.50428771972656], [0.0, 0.0, 0.0, 1.0]], "f_middle.03.L": [[0.3300918936729431, 0.247785747051239, -0.9108466506004333, 67.4349594116211], [0.9342139363288879, -0.2239791750907898, 0.277629017829895, -6.542196273803711], [-0.13521811366081238, -0.9425685405731201, -0.30541858077049255, 96.06500244140625], [0.0, 0.0, 0.0, 1.0]], "f_pinky.01.L": [[-0.04751354455947876, 0.5354588627815247, -0.8432235717773438, 64.0250015258789], [0.9910803437232971, -0.07995397597551346, -0.10661689937114716, 0.15892678499221802], [-0.12450805306434631, -0.8407678604125977, -0.5268839597702026, 103.01750946044922], [0.0, 0.0, 0.0, 1.0]], "f_pinky.02.L": [[-0.03849885240197182, 0.36016157269477844, -0.9320951700210571, 65.93711853027344], [0.9945776462554932, -0.076370470225811, -0.07058923691511154, -0.12658782303333282], [-0.09660806506872177, -0.9297583699226379, -0.35526856780052185, 100.01513671875], [0.0, 0.0, 0.0, 1.0]], "f_pinky.03.L": [[-0.03237517178058624, 0.36016157269477844, -0.9323280453681946, 67.0124282836914], [0.9950198531150818, -0.07637053728103638, -0.0640544444322586, -0.3546018600463867], [-0.09427231550216675, -0.9297583699226379, -0.3558954894542694, 97.23921966552734], [0.0, 0.0, 0.0, 1.0]], "f_ring.01.L": [[0.1022586077451706, 0.45520615577697754, -0.884494423866272, 64.57560729980469], [0.9794350862503052, -0.20153509080410004, 0.009514546021819115, -2.0826356410980225], [-0.17392556369304657, -0.8672778010368347, -0.4664537012577057, 103.03926849365234], [0.0, 0.0, 0.0, 1.0]], "f_ring.02.L": [[0.10032044351100922, 0.24213944375514984, -0.9650409817695618, 66.59225463867188], [0.9843635559082031, -0.16530370712280273, 0.06085249409079552, -2.975472927093506], [-0.14479002356529236, -0.9560559988021851, -0.25493672490119934, 99.19706726074219], [0.0, 0.0, 0.0, 1.0]], "f_ring.03.L": [[0.10563219338655472, 0.24213944375514984, -0.9644740223884583, 67.43408966064453], [0.984013557434082, -0.16530370712280273, 0.06627124547958374, -3.5501766204833984], [-0.1433842033147812, -0.9560559988021851, -0.255730003118515, 95.8731918334961], [0.0, 0.0, 0.0, 1.0]], "thumb.01.L": [[0.8114501237869263, 0.03346072509884834, 0.5834629535675049, 57.477989196777344], [-0.30533406138420105, -0.8269951343536377, 0.47207003831863403, -3.8766427040100098], [0.49831685423851013, -0.5612123012542725, -0.6608485579490662, 107.63910675048828], [0.0, 0.0, 0.0, 1.0]], "thumb.02.L": [[0.8151520490646362, 0.043498147279024124, 0.5776114463806152, 57.60747146606445], [-0.4348532557487488, -0.6127988696098328, 0.6598333120346069, -7.076851844787598], [0.3826613128185272, -0.7890405058860779, -0.48060905933380127, 105.46739196777344], [0.0, 0.0, 0.0, 1.0]], "thumb.03.L": [[0.7895943522453308, 0.043498191982507706, 0.6120855212211609, 57.7841682434082], [-0.46278899908065796, -0.6127985119819641, 0.640549898147583, -9.566143035888672], [0.40294796228408813, -0.7890408039093018, -0.4637318551540375, 102.26217651367188], [0.0, 0.0, 0.0, 1.0]], "upper_arm_fk.R": [[-0.7612823247909546, -0.6448403000831604, -0.06804980337619781, -17.70016098022461], [0.027708347886800766, 0.07249954342842102, -0.9969835877418518, 9.710975646972656], [0.6478284001350403, -0.7608716487884521, -0.03732524439692497, 149.5303497314453], [0.0, 0.0, 0.0, 1.0]], "forearm_fk.R": [[-0.6577221751213074, -0.71849125623703, 0.2262134552001953, -37.2646484375], [0.16321924328804016, -0.42911651730537415, -0.8883798122406006, 11.910615921020508], [0.7353646755218506, -0.5473849773406982, 0.3995109796524048, 126.44546508789062], [0.0, 0.0, 0.0, 1.0]], "hand_fk.R": [[-0.6849397420883179, -0.6363914608955383, 0.3547726273536682, -56.64611053466797], [-0.11042992025613785, -0.39062395691871643, -0.913902759552002, 0.33510228991508484], [0.7201825380325317, -0.665145754814148, 0.19727720320224762, 111.67963409423828], [0.0, 0.0, 0.0, 1.0]], "f_index.01.R": [[0.5691658854484558, -0.3801504373550415, 0.7290648221969604, -63.04212951660156], [-0.8210641145706177, -0.30983632802963257, 0.47943219542503357, -6.766439914703369], [0.0436345674097538, -0.8714853525161743, -0.48847630620002747, 103.81485748291016], [0.0, 0.0, 0.0, 1.0]], "f_index.02.R": [[0.5856633186340332, -0.22516334056854248, 0.7786523699760437, -64.6720962524414], [-0.8100427985191345, -0.196712464094162, 0.5523900985717773, -8.094921112060547], [0.02879280038177967, -0.9542564153671265, -0.2975993752479553, 100.07820129394531], [0.0, 0.0, 0.0, 1.0]], "f_index.03.R": [[0.6029965877532959, -0.2251633256673813, 0.7653078436851501, -65.4362564086914], [-0.7974373698234558, -0.1967124491930008, 0.570436418056488, -8.762523651123047], [0.022104376927018166, -0.9542564153671265, -0.2981707453727722, 96.83964538574219], [0.0, 0.0, 0.0, 1.0]], "f_middle.01.R": [[0.36354053020477295, -0.43976712226867676, 0.8212447762489319, -64.4899673461914], [-0.9258241057395935, -0.2683887779712677, 0.2661154866218567, -4.4795403480529785], [0.10338421165943146, -0.8570716977119446, -0.5047173500061035, 103.48138427734375], [0.0, 0.0, 0.0, 1.0]], "f_middle.02.R": [[0.33663907647132874, -0.24779097735881805, 0.9084457159042358, -66.5307388305664], [-0.9321916103363037, -0.22398045659065247, 0.28434470295906067, -5.725017547607422], [0.1330162137746811, -0.9425666332244873, -0.3063894808292389, 99.50408172607422], [0.0, 0.0, 0.0, 1.0]], "f_middle.03.R": [[0.3300921618938446, -0.24779151380062103, 0.9108448624610901, -67.43490600585938], [-0.9342138767242432, -0.22398066520690918, 0.277628093957901, -6.542301177978516], [0.13521794974803925, -0.942566454410553, -0.3054247498512268, 96.06474304199219], [0.0, 0.0, 0.0, 1.0]], "f_pinky.01.R": [[-0.04751434549689293, -0.5354366302490234, 0.8432377576828003, -64.02493286132812], [-0.9910805225372314, -0.0799558237195015, -0.1066150888800621, 0.1588088870048523], [0.12450748682022095, -0.8407823443412781, -0.5268617272377014, 103.01737976074219], [0.0, 0.0, 0.0, 1.0]], "f_pinky.02.R": [[-0.03850334882736206, -0.3602603077888489, 0.9320567846298218, -65.93701171875], [-0.9945787787437439, -0.07635070383548737, -0.07059741765260696, -0.1267184615135193], [0.09659675508737564, -0.9297221302986145, -0.355367511510849, 100.014892578125], [0.0, 0.0, 0.0, 1.0]], "f_pinky.03.R": [[-0.03238656744360924, -0.36026036739349365, 0.9322893619537354, -67.01253509521484], [-0.9950206279754639, -0.07635074853897095, -0.0640697106719017, -0.3546561896800995], [0.09426289051771164, -0.9297221302986145, -0.35599374771118164, 97.23929595947266], [0.0, 0.0, 0.0, 1.0]], "f_ring.01.R": [[0.10225740075111389, -0.45522454380989075, 0.8844851851463318, -64.57563018798828], [-0.9794358611106873, -0.20153222978115082, 0.009510675445199013, -2.0827689170837402], [0.17392289638519287, -0.8672689199447632, -0.46647149324417114, 103.03899383544922], [0.0, 0.0, 0.0, 1.0]], "f_ring.02.R": [[0.10032051801681519, -0.2421567738056183, 0.9650366902351379, -66.59221649169922], [-0.9843636155128479, -0.1653049737215042, 0.060849569737911224, -2.9755303859710693], [0.14479033648967743, -0.9560514092445374, -0.25495389103889465, 99.19710540771484], [0.0, 0.0, 0.0, 1.0]], "f_ring.03.R": [[0.10563131421804428, -0.2421567738056183, 0.9644697904586792, -67.43411254882812], [-0.9840137958526611, -0.16530480980873108, 0.06626740097999573, -3.550238609313965], [0.14338451623916626, -0.9560514092445374, -0.2557470500469208, 95.87324523925781], [0.0, 0.0, 0.0, 1.0]], "thumb.01.R": [[0.8114516139030457, -0.03342895954847336, -0.5834627747535706, -57.47808837890625], [0.3053481876850128, -0.8270041942596436, 0.47204574942588806, -3.8767693042755127], [-0.49830618500709534, -0.561201274394989, -0.6608662605285645, 107.63892364501953], [0.0, 0.0, 0.0, 1.0]], "thumb.02.R": [[0.8151519894599915, -0.04350259527564049, -0.5776111483573914, -57.607444763183594], [0.4348488748073578, -0.6128037571907043, 0.659832239151001, -7.0769195556640625], [-0.3826667368412018, -0.7890368700027466, -0.4806111454963684, 105.46731567382812], [0.0, 0.0, 0.0, 1.0]], "thumb.03.R": [[0.7895940542221069, -0.043502625077962875, -0.6120855212211609, -57.78416061401367], [0.4627847373485565, -0.6128035187721252, 0.6405487060546875, -9.566230773925781], [-0.4029538333415985, -0.7890370488166809, -0.4637337028980255, 102.26211547851562], [0.0, 0.0, 0.0, 1.0]], "neck": [[1.0, 1.1773221331168315e-07, -1.44786525879681e-07, 7.1702788773109205e-06], [-1.1769662222604893e-07, -0.20418798923492432, -0.978931725025177, 5.874689102172852], [-1.4481547339073586e-07, 0.978931725025177, -0.20418810844421387, 156.42098999023438], [0.0, 0.0, 0.0, 1.0]], "thigh_fk.L": [[0.9924774169921875, 0.12242860347032547, 9.736216100009187e-08, 9.005810737609863], [-0.0036851197946816683, 0.029872993007302284, 0.9995468854904175, 0.5300273895263672], [0.12237312644720078, -0.9920275807380676, 0.030099529772996902, 95.29985046386719], [0.0, 0.0, 0.0, 1.0]], "shin_fk.L": [[0.9974685907363892, 0.0711105614900589, -1.1290420616205665e-06, 14.217846870422363], [-0.011122462339699268, 0.15603066980838776, 0.9876894950866699, 1.8017817735671997], [0.07023534923791885, -0.9851890206336975, 0.15642669796943665, 53.06720733642578], [0.0, 0.0, 0.0, 1.0]], "foot_fk.L": [[0.988845944404602, 0.042473528534173965, 0.1427575796842575, 17.076257705688477], [-0.04247349873185158, -0.8382652997970581, 0.5436058640480042, 8.073700904846191], [0.1427576094865799, -0.5436058640480042, -0.8271112442016602, 13.465850830078125], [0.0, 0.0, 0.0, 1.0]], "toe.L": [[-0.9916395545005798, 0.129069983959198, -2.080678768834332e-06, 17.90869140625], [-0.12907017767429352, -0.9916357398033142, 5.158457838660979e-07, -8.35536003112793], [-1.996626451727934e-06, 7.80080767981417e-07, 1.0, 2.8117716312408447], [0.0, 0.0, 0.0, 1.0]], "thigh_fk.R": [[0.992477297782898, -0.12242888659238815, -3.431384243413049e-07, -9.005802154541016], [0.0036853747442364693, 0.029872925952076912, 0.9995469450950623, 0.5300217270851135], [-0.12237340956926346, -0.9920276403427124, 0.030099336057901382, 95.30003356933594], [0.0, 0.0, 0.0, 1.0]], "shin_fk.R": [[0.9974685311317444, -0.07111047953367233, 1.2885068372270325e-06, -14.217875480651855], [0.011122286319732666, 0.15603050589561462, 0.9876896142959595, 1.8017795085906982], [-0.07023529708385468, -0.9851891994476318, 0.1564263552427292, 53.06718444824219], [0.0, 0.0, 0.0, 1.0]], "foot_fk.R": [[0.988845944404602, -0.04247357323765755, -0.14275744557380676, -17.076292037963867], [0.04247353598475456, -0.8382647633552551, 0.5436065793037415, 8.073711395263672], [-0.14275744557380676, -0.5436066389083862, -0.8271108269691467, 13.465702056884766], [0.0, 0.0, 0.0, 1.0]], "toe.R": [[-0.9916226267814636, -0.12906703352928162, 4.711704661986005e-07, -17.908720016479492], [0.1290663480758667, -0.9916360378265381, 5.7762505889513704e-08, -8.35523796081543], [4.598082341544796e-07, 1.1809348876568038e-07, 1.0, 2.8116626739501953], [0.0, 0.0, 0.0, 1.0]]}