{"shoulder.L": [[-0.4467734098434448, 0.8817446827888489, -0.15139144659042358, 3.781989812850952], [0.894646942615509, 0.44033342599868774, -0.0755845457315445, 2.7603960037231445], [1.6286969184875488e-05, -0.16921105980873108, -0.9855796098709106, 152.20118713378906], [0.0, 0.0, 0.0, 1.0]], "shoulder.R": [[-0.4467737376689911, -0.8817451000213623, 0.15139055252075195, -3.781996011734009], [-0.8946470022201538, 0.44033369421958923, -0.07558382302522659, 2.7603983879089355], [-1.6689300537109375e-05, -0.16920994222164154, -0.985579788684845, 152.20130920410156], [0.0, 0.0, 0.0, 1.0]], "spine_fk": [[1.0, 1.1979558678376634e-07, -1.300788454727808e-07, 1.2988681419301429e-06], [-1.1979547309692862e-07, -0.08216895163059235, -0.9966182708740234, 0.16524827480316162], [-1.300789307379091e-07, 0.9966182708740234, -0.08216898888349533, 107.55630493164062], [0.0, 0.0, 0.0, 1.0]], "spine_fk.001": [[1.0, 1.1677396827280973e-07, -1.0884998147275837e-07, 3.547266715031583e-06], [-1.1677396827280973e-07, 0.0701541006565094, -0.9975361227989197, 1.5160155296325684], [-1.0884998147275837e-07, 0.9975361227989197, 0.07015413045883179, 126.76314544677734], [0.0, 0.0, 0.0, 1.0]], "spine_fk.002": [[1.0, 1.1883233952403316e-07, -1.023985660708604e-07, 3.547266715031583e-06], [-1.1883233952403316e-07, 0.14775137603282928, -0.9890244603157043, 1.5160155296325684], [-1.023985660708604e-07, 0.9890244603157043, 0.14775145053863525, 126.76314544677734], [0.0, 0.0, 0.0, 1.0]], "spine_fk.003": [[1.0, 1.2251082637249056e-07, -1.0602775546431076e-07, 5.141274868947221e-06], [-1.2251082637249056e-07, 0.1435011923313141, -0.9896500110626221, 3.4979419708251953], [-1.0602773414802869e-07, 0.9896500110626221, 0.14350126683712006, 140.02984619140625], [0.0, 0.0, 0.0, 1.0]], "torso": [[1.0, 0.0, 0.0, 6.494339572782337e-07], [0.0, 1.0, 0.0, 0.6107001304626465], [0.0, 0.0, 1.0, 102.15345764160156], [0.0, 0.0, 0.0, 1.0]], "upper_arm_fk.L": [[-0.692369282245636, 0.644839882850647, 0.32373809814453125, 17.700218200683594], [-0.3662463128566742, 0.07249969244003296, -0.9276891946792603, 9.711004257202148], [-0.6216819286346436, -0.760871410369873, 0.18597377836704254, 149.53021240234375], [0.0, 0.0, 0.0, 1.0]], "forearm_fk.L": [[-0.692369282245636, 0.7184913158416748, -0.06629553437232971, 37.264625549316406], [-0.3662461042404175, -0.42911508679389954, -0.8256656527519226, 11.910640716552734], [-0.6216820478439331, -0.547385036945343, 0.5602508187294006, 126.4454116821289], [0.0, 0.0, 0.0, 1.0]], "hand_fk.L": [[-0.6923694610595703, 0.7184911966323853, -0.06629545241594315, 56.64603805541992], [-0.36624598503112793, -0.4291151165962219, -0.8256658911705017, 0.335195392370224], [-0.6216820478439331, -0.5473853945732117, 0.5602506399154663, 111.67961883544922], [0.0, 0.0, 0.0, 1.0]], "f_index.01.L": [[0.5691726803779602, 0.38012075424194336, -0.7290753722190857, 63.0423583984375], [0.8210585713386536, -0.3098383843898773, 0.4794403910636902, -6.766393661499023], [-0.04365028068423271, -0.8714981079101562, -0.4884530007839203, 103.81493377685547], [0.0, 0.0, 0.0, 1.0]], "f_index.02.L": [[0.5856638550758362, 0.22513671219348907, -0.778659999370575, 64.67212677001953], [0.8100423216819763, -0.1966976374387741, 0.5523961186408997, -8.094826698303223], [-0.028795944526791573, -0.9542662501335144, -0.29756900668144226, 100.07838439941406], [0.0, 0.0, 0.0, 1.0]], "f_index.03.L": [[0.6029980778694153, 0.22513671219348907, -0.7653149366378784, 65.43619537353516], [0.7974361777305603, -0.1966976374387741, 0.5704432129859924, -8.762378692626953], [-0.022107912227511406, -0.9542663097381592, -0.2981405258178711, 96.83979797363281], [0.0, 0.0, 0.0, 1.0]], "f_middle.01.L": [[0.36353978514671326, 0.4397900700569153, -0.8212332725524902, 64.4900894165039], [0.9258246421813965, -0.26839473843574524, 0.2661081850528717, -4.479483604431152], [-0.10338284820318222, -0.8570589423179626, -0.504740297794342, 103.4813232421875], [0.0, 0.0, 0.0, 1.0]], "f_middle.02.L": [[0.3366389274597168, 0.24778524041175842, -0.9084476828575134, 66.5308837890625], [0.9321916699409485, -0.22397930920124054, 0.2843458950519562, -5.72493839263916], [-0.1330166906118393, -0.9425691366195679, -0.3063831627368927, 99.50424194335938], [0.0, 0.0, 0.0, 1.0]], "f_middle.03.L": [[0.3300914466381073, 0.24778524041175842, -0.9108471870422363, 67.43501281738281], [0.934214174747467, -0.22397907078266144, 0.27762895822525024, -6.542203426361084], [-0.1352182775735855, -0.9425691366195679, -0.3054177761077881, 96.06495666503906], [0.0, 0.0, 0.0, 1.0]], "f_pinky.01.L": [[-0.04751385375857353, 0.5354589819908142, -0.8432236909866333, 64.02506256103516], [0.9910803437232971, -0.07995402812957764, -0.10661713033914566, 0.15892554819583893], [-0.12450820207595825, -0.8407683968544006, -0.5268839001655579, 103.01746368408203], [0.0, 0.0, 0.0, 1.0]], "f_pinky.02.L": [[-0.038498975336551666, 0.36016154289245605, -0.9320952892303467, 65.93717956542969], [0.9945777654647827, -0.07637052237987518, -0.07058924436569214, -0.12658926844596863], [-0.09660810977220535, -0.9297587871551514, -0.3552684485912323, 100.01509094238281], [0.0, 0.0, 0.0, 1.0]], "f_pinky.03.L": [[-0.03237529098987579, 0.36016157269477844, -0.9323281049728394, 67.01248931884766], [0.9950199723243713, -0.07637057453393936, -0.0640544593334198, -0.35460352897644043], [-0.09427236765623093, -0.9297586679458618, -0.355895459651947, 97.23917388916016], [0.0, 0.0, 0.0, 1.0]], "f_ring.01.L": [[0.10225845873355865, 0.4552063047885895, -0.8844946026802063, 64.5756607055664], [0.9794350862503052, -0.20153526961803436, 0.009514483623206615, -2.0826427936553955], [-0.1739257574081421, -0.8672780394554138, -0.4664536416530609, 103.0392074584961], [0.0, 0.0, 0.0, 1.0]], "f_ring.02.L": [[0.10032030940055847, 0.24213948845863342, -0.9650412201881409, 66.5923080444336], [0.9843635559082031, -0.16530387103557587, 0.06085251271724701, -2.9754810333251953], [-0.1447901874780655, -0.9560562968254089, -0.254936546087265, 99.19700622558594], [0.0, 0.0, 0.0, 1.0]], "f_ring.03.L": [[0.10563203692436218, 0.24213947355747223, -0.9644742608070374, 67.43414306640625], [0.9840136170387268, -0.1653040498495102, 0.06627118587493896, -3.550185203552246], [-0.14338456094264984, -0.9560562968254089, -0.2557298243045807, 95.87313079833984], [0.0, 0.0, 0.0, 1.0]], "thumb.01.L": [[0.811450183391571, 0.03346061334013939, 0.5834630727767944, 57.47803497314453], [-0.3053342401981354, -0.8269955515861511, 0.4720698297023773, -3.8766465187072754], [0.49831682443618774, -0.5612125396728516, -0.6608489155769348, 107.63905334472656], [0.0, 0.0, 0.0, 1.0]], "thumb.02.L": [[0.815152108669281, 0.04349803924560547, 0.57761150598526, 57.60751724243164], [-0.4348534941673279, -0.6127992272377014, 0.6598333120346069, -7.076857566833496], [0.3826611638069153, -0.7890408635139465, -0.48060932755470276, 105.46733856201172], [0.0, 0.0, 0.0, 1.0]], "thumb.03.L": [[0.789594829082489, 0.04349811002612114, 0.6120850443840027, 57.78421401977539], [-0.46278834342956543, -0.6127995848655701, 0.6405497193336487, -9.566149711608887], [0.4029480218887329, -0.7890404462814331, -0.463733047246933, 102.26212310791016], [0.0, 0.0, 0.0, 1.0]], "upper_arm_fk.R": [[-0.6923694610595703, -0.6448398232460022, -0.3237375020980835, -17.700162887573242], [0.3662457764148712, 0.0724993348121643, -0.9276893734931946, 9.710975646972656], [0.6216819286346436, -0.7608714699745178, 0.185973659157753, 149.53036499023438], [0.0, 0.0, 0.0, 1.0]], "forearm_fk.R": [[-0.6923696398735046, -0.7184906601905823, 0.06629699468612671, -37.26464080810547], [0.36624521017074585, -0.42911648750305176, -0.825665295124054, 11.91061019897461], [0.6216820478439331, -0.5473847389221191, 0.5602512359619141, 126.44548034667969], [0.0, 0.0, 0.0, 1.0]], "hand_fk.R": [[-0.692369818687439, -0.7184906005859375, 0.06629662960767746, -56.64610290527344], [0.3662453889846802, -0.42911651730537415, -0.8256654143333435, 0.3350876569747925], [0.6216818690299988, -0.5473849773406982, 0.5602512955665588, 111.67964172363281], [0.0, 0.0, 0.0, 1.0]], "f_index.01.R": [[0.569165825843811, -0.3801506757736206, 0.7290650010108948, -63.0421028137207], [-0.8210640549659729, -0.3098365366458893, 0.47943204641342163, -6.766420364379883], [0.0436345599591732, -0.8714855313301086, -0.4884764552116394, 103.81487274169922], [0.0, 0.0, 0.0, 1.0]], "f_index.02.R": [[0.5856632590293884, -0.22516368329524994, 0.7786526083946228, -64.67206573486328], [-0.8100427389144897, -0.19671273231506348, 0.5523899793624878, -8.094902038574219], [0.028792712837457657, -0.9542566537857056, -0.2975996434688568, 100.07821655273438], [0.0, 0.0, 0.0, 1.0]], "f_index.03.R": [[0.6029964685440063, -0.22516365349292755, 0.765308141708374, -65.43622589111328], [-0.797437310218811, -0.19671271741390228, 0.5704362988471985, -8.762505531311035], [0.022104302421212196, -0.9542566537857056, -0.2981709837913513, 96.83966064453125], [0.0, 0.0, 0.0, 1.0]], "f_middle.01.R": [[0.3635404407978058, -0.43976739048957825, 0.8212448358535767, -64.48994445800781], [-0.9258239269256592, -0.2683888375759125, 0.2661153972148895, -4.479527473449707], [0.10338416695594788, -0.8570717573165894, -0.5047174692153931, 103.48140716552734], [0.0, 0.0, 0.0, 1.0]], "f_middle.02.R": [[0.33663904666900635, -0.2477913200855255, 0.9084457755088806, -66.53071594238281], [-0.9321913719177246, -0.22398053109645844, 0.2843446731567383, -5.72500467300415], [0.1330161839723587, -0.9425666928291321, -0.3063896596431732, 99.50410461425781], [0.0, 0.0, 0.0, 1.0]], "f_middle.03.R": [[0.33009201288223267, -0.2477918118238449, 0.9108449816703796, -67.43488311767578], [-0.9342136979103088, -0.22398073971271515, 0.27762794494628906, -6.542288780212402], [0.13521796464920044, -0.9425665140151978, -0.30542486906051636, 96.06476593017578], [0.0, 0.0, 0.0, 1.0]], "f_pinky.01.R": [[-0.047514524310827255, -0.5354366898536682, 0.8432378172874451, -64.02490997314453], [-0.9910804629325867, -0.07995587587356567, -0.10661522299051285, 0.15881997346878052], [0.1245076060295105, -0.8407819867134094, -0.5268619656562805, 103.01740264892578], [0.0, 0.0, 0.0, 1.0]], "f_pinky.02.R": [[-0.03850352764129639, -0.3602604866027832, 0.9320568442344666, -65.9369888305664], [-0.9945787191390991, -0.07635078579187393, -0.07059754431247711, -0.12670762836933136], [0.09659687429666519, -0.9297218918800354, -0.35536786913871765, 100.0149154663086], [0.0, 0.0, 0.0, 1.0]], "f_pinky.03.R": [[-0.03238673880696297, -0.3602604568004608, 0.9322894811630249, -67.01251220703125], [-0.9950205683708191, -0.0763508602976799, -0.06406983733177185, -0.354645699262619], [0.09426303207874298, -0.9297218918800354, -0.35599401593208313, 97.23931884765625], [0.0, 0.0, 0.0, 1.0]], "f_ring.01.R": [[0.10225725173950195, -0.4552248418331146, 0.8844851851463318, -64.57562255859375], [-0.9794357419013977, -0.20153231918811798, 0.009510575793683529, -2.082758665084839], [0.17392279207706451, -0.8672690391540527, -0.4664716422557831, 103.03902435302734], [0.0, 0.0, 0.0, 1.0]], "f_ring.02.R": [[0.10032036155462265, -0.24215705692768097, 0.9650366902351379, -66.59220886230469], [-0.9843634963035583, -0.16530506312847137, 0.06084949150681496, -2.975520610809326], [0.14479021728038788, -0.9560515880584717, -0.2549540400505066, 99.19713592529297], [0.0, 0.0, 0.0, 1.0]], "f_ring.03.R": [[0.10563095659017563, -0.24215705692768097, 0.964469850063324, -67.4341049194336], [-0.9840136170387268, -0.16530506312847137, 0.06626706570386887, -3.550229072570801], [0.14338460564613342, -0.9560515880584717, -0.2557471990585327, 95.87327575683594], [0.0, 0.0, 0.0, 1.0]], "thumb.01.R": [[0.8114516139030457, -0.033429212868213654, -0.5834630727767944, -57.478057861328125], [0.3053479790687561, -0.8270041942596436, 0.4720456004142761, -3.876755475997925], [-0.49830642342567444, -0.5612014532089233, -0.6608660221099854, 107.6389389038086], [0.0, 0.0, 0.0, 1.0]], "thumb.02.R": [[0.8151518702507019, -0.04350295662879944, -0.5776115655899048, -57.60741424560547], [0.4348488748073578, -0.6128038167953491, 0.6598320603370667, -7.076905250549316], [-0.38266706466674805, -0.7890370488166809, -0.48061060905456543, 105.46733093261719], [0.0, 0.0, 0.0, 1.0]], "thumb.03.R": [[0.7895941138267517, -0.04350297898054123, -0.6120855808258057, -57.78413009643555], [0.46278446912765503, -0.6128036379814148, 0.6405486464500427, -9.566216468811035], [-0.40295395255088806, -0.7890371680259705, -0.4637332856655121, 102.26213073730469], [0.0, 0.0, 0.0, 1.0]], "neck": [[1.0, 1.1769660801519422e-07, -1.447791362352291e-07, 7.170368007791694e-06], [-1.1769665064775836e-07, -0.20418794453144073, -0.9789316654205322, 5.87468957901001], [-1.4477909360266494e-07, 0.9789316654205322, -0.2041880041360855, 156.42098999023438], [0.0, 0.0, 0.0, 1.0]], "rig.head": [[1.0, -5.329070518200751e-15, 1.694065591586013e-21, 8.263856216217391e-06], [8.470329472543003e-22, -2.0529532207547163e-07, -1.0, 3.9776322841644287], [5.329070094684278e-15, 1.0, -2.384185791015625e-07, 165.5159912109375], [0.0, 0.0, 0.0, 1.0]], "thigh_fk.L": [[0.9924774169921875, 0.12242860347032547, 9.736216100009187e-08, 9.005810737609863], [-0.0036851197946816683, 0.029872993007302284, 0.9995468854904175, 0.5300273895263672], [0.12237312644720078, -0.9920275807380676, 0.030099529772996902, 95.29985046386719], [0.0, 0.0, 0.0, 1.0]], "shin_fk.L": [[0.9974685907363892, 0.0711105614900589, -1.1290420616205665e-06, 14.217846870422363], [-0.011122462339699268, 0.15603066980838776, 0.9876894950866699, 1.8017817735671997], [0.07023534923791885, -0.9851890206336975, 0.15642669796943665, 53.06720733642578], [0.0, 0.0, 0.0, 1.0]], "foot_fk.L": [[0.988845944404602, 0.042473528534173965, 0.1427575796842575, 17.076257705688477], [-0.04247349873185158, -0.8382652997970581, 0.5436058640480042, 8.073700904846191], [0.1427576094865799, -0.5436058640480042, -0.8271112442016602, 13.465850830078125], [0.0, 0.0, 0.0, 1.0]], "toe.L": [[-0.991655707359314, 0.12906882166862488, -2.0318709630373633e-06, 17.908689498901367], [-0.12906983494758606, -0.9916358590126038, 4.587318471749313e-07, -8.355362892150879], [-1.9553463062038645e-06, 7.171315701270942e-07, 1.0, 2.8117733001708984], [0.0, 0.0, 0.0, 1.0]], "thigh_fk.R": [[0.992477297782898, -0.12242888659238815, -3.431384243413049e-07, -9.005802154541016], [0.0036853747442364693, 0.029872925952076912, 0.9995469450950623, 0.5300217270851135], [-0.12237340956926346, -0.9920276403427124, 0.030099336057901382, 95.30003356933594], [0.0, 0.0, 0.0, 1.0]], "shin_fk.R": [[0.9974685311317444, -0.07111047953367233, 1.2885068372270325e-06, -14.217875480651855], [0.011122286319732666, 0.15603050589561462, 0.9876896142959595, 1.8017795085906982], [-0.07023529708385468, -0.9851891994476318, 0.1564263552427292, 53.06718444824219], [0.0, 0.0, 0.0, 1.0]], "foot_fk.R": [[0.988845944404602, -0.04247357323765755, -0.14275744557380676, -17.076292037963867], [0.04247353598475456, -0.8382647633552551, 0.5436065793037415, 8.073711395263672], [-0.14275744557380676, -0.5436066389083862, -0.8271108269691467, 13.465702056884766], [0.0, 0.0, 0.0, 1.0]], "toe.R": [[-0.9915854930877686, -0.1290670484304428, 4.712071302037657e-07, -17.908720016479492], [0.12906448543071747, -0.9916359782218933, 5.775330436108561e-08, -8.35523796081543], [4.5993965613888577e-07, 1.1809351718738981e-07, 1.0, 2.8116626739501953], [0.0, 0.0, 0.0, 1.0]]}
